5,4066.540474
28,7378.825035
93,7413.847718
26,9284.458551
34,9508.475101
16,10799.924952
86,10786.139307
47,10802.671818
73,12460.629966
25,12543.136586
71,15217.833001
18,20367.095336
46,20436.450474
96,20534.732652
14,20619.743370
68,20715.343132
37,20825.301217
24,22821.858179
62,22984.816089
70,24203.086329
48,24272.445918
33,24303.221950
74,24298.771994
8,24870.273936
31,25284.733148
76,25488.035783
38,25498.407481
10,25629.653471
82,25686.588619
35,25820.257917
56,25818.949454
83,25820.740697
53,25865.982878
65,25887.268177
45,26297.736070
9,26304.894238
66,26317.859792
95,26313.259105
41,26575.715911
67,26572.715356
7,26585.570230
75,26591.787037
2,27476.256103
59,27464.365855
19,27514.726576
80,27516.160462
15,27537.264639
40,27533.495013
13,27537.969179
22,27562.993623
39,27801.189953
21,27830.589099
20,27861.726586
6,27866.815696
72,27851.584631
50,27857.753860
88,27849.636018
94,27914.079851
91,27927.698948
42,27938.871029
27,27955.932348
98,27941.152274
23,27975.008158
57,27971.837629
87,27979.835013
60,28007.561963
85,28001.629951
97,27998.798602
49,28009.876442
92,28000.927371
55,28009.601181
64,28006.893646
61,28007.961546
1,28036.783671
30,28014.231894
17,28016.770917
36,28014.536451
78,28005.609086
52,28012.027663
3,28022.771483
81,28005.715399
100,28001.567065
12,28019.196948
99,28001.883525
63,28009.910270
90,28004.884650
11,28020.687009
43,28014.814547
44,28014.937501
77,28008.231013
32,28029.233974
58,28024.823242
69,28032.932927
4,28052.537049
79,28044.364960
54,28052.256303
89,28074.647546
29,28121.203288
84,28112.834983
51,28124.339766
