58,417.085289
260,518.937278
111,888.272992
120,1055.415034
102,1455.241883
114,1608.814983
119,1679.823061
123,1825.059868
126,1838.247063
131,1846.672504
71,2484.549233
86,2776.942023
101,2959.223625
121,3220.270797
125,3496.468092
266,3447.407040
253,3462.348448
285,3541.915518
93,3728.255310
68,3834.373458
64,3848.658445
142,4047.094365
80,4161.875565
89,4284.803624
139,4430.030906
34,4580.165434
40,4686.701099
232,4720.115306
235,4746.475104
259,6899.144213
104,7005.275509
1,7137.623116
62,7191.332203
273,7126.754886
258,7235.417408
108,7793.552819
335,9844.251933
147,9921.383409
132,10467.868349
25,10541.137384
24,10564.254216
26,10600.194680
137,11586.292278
144,11814.079869
43,13264.218819
51,13510.056026
400,13502.576980
276,13829.287030
20,34233.686457
193,49266.947677
793,50214.495957
799,53535.073491
772,54937.688563
491,61056.917667
299,65717.601225
414,65986.404657
427,66148.348330
474,66513.408896
464,66522.793334
786,68191.313826
785,68195.990793
769,69084.812876
795,69251.384203
775,70124.576653
764,70843.942820
781,71365.665413
780,71369.191529
774,71965.421824
765,72543.150956
411,87539.829564
505,87529.373478
510,88851.813895
524,90281.849388
525,90298.376059
527,90331.329362
301,91075.871632
106,91292.988072
113,91426.949390
112,91427.644493
124,91487.815579
264,91517.819389
70,91657.678445
78,91742.860844
73,91756.755219
107,91837.256987
100,91968.988998
95,91970.447538
37,92120.726263
237,92117.809205
252,92164.868880
74,92386.862469
94,92382.024601
637,95003.959197
156,95146.618031
158,95146.599822
985,94917.569115
986,94917.497632
153,95160.735340
165,95171.763655
157,95176.580517
192,95164.993311
178,95295.672805
170,95399.579010
196,95837.090959
201,95843.020759
211,95861.375951
197,96019.610083
195,96062.460623
225,96268.223402
603,96996.642666
599,97062.597386
592,97106.095587
311,97238.522606
679,97187.435286
455,100394.802098
442,100426.466265
493,100454.161269
499,100459.284690
116,102441.231384
99,102452.747016
77,102469.966062
249,102411.421800
151,102455.027890
467,102356.355028
134,102475.406245
846,102306.512242
281,102464.539944
570,103316.587769
368,103375.271198
176,103437.781411
181,103487.678502
616,104308.134895
636,104556.826870
407,105153.752128
148,105257.538474
61,105470.852080
146,105421.764580
109,112054.906334
185,113420.645931
263,114198.667131
989,115975.688195
336,122087.552554
115,122166.567593
49,124774.974314
56,124786.898999
307,124936.190695
306,124936.695134
399,125037.981557
392,125201.125012
323,125228.275132
330,125485.563313
145,125753.781406
471,126304.301155
5,126468.218703
6,126603.753940
14,126603.862021
16,126967.460833
18,126980.445782
676,127427.143936
28,128193.126266
324,128069.669547
403,128075.180131
45,129984.953528
50,130004.167756
46,130004.511245
304,130527.874047
396,130528.227586
243,131009.428300
405,131115.814290
408,131115.001862
246,131483.039151
97,141458.266130
32,141502.708685
98,141458.510461
36,141896.626156
41,141896.876845
38,141897.038365
161,143209.700392
978,143845.221188
975,144200.903486
976,144200.648525
979,144219.657208
982,144492.390097
644,147789.103281
646,147801.864526
668,150348.244193
150,151143.577404
449,152994.904700
303,153564.816985
432,154351.759704
675,154618.374480
309,154903.673284
387,155184.978915
388,155184.650163
143,155621.338914
298,156187.621974
280,156195.968728
293,156205.966500
337,156513.852620
287,156948.735168
417,156918.459668
424,156924.624933
313,157613.097886
314,158079.785844
15,158208.784566
17,158219.721373
21,158601.531762
267,158865.269295
678,159042.747738
52,159268.442501
8,159719.063802
53,160591.161066
310,161145.302688
681,162572.658512
708,164431.755353
821,178757.302289
822,184247.532915
808,186332.907733
802,187051.232245
791,187868.101503
55,191673.659038
47,191674.100580
416,191755.343431
398,192710.681803
221,192779.311141
294,193501.273433
437,195698.679644
488,195680.243998
333,195952.118662
438,195928.092919
445,195925.073886
425,196198.550534
436,196508.338974
448,196539.854930
506,196718.565288
296,205362.050534
328,218490.169909
974,218347.304993
670,218473.382769
326,218603.471745
136,218678.933532
591,219942.635687
404,220012.526511
391,220016.701389
247,220063.025278
577,219973.578628
937,220763.576628
431,220898.257589
286,221019.511944
788,220886.764095
946,220900.213797
790,220947.754835
792,221018.053810
783,221037.257431
761,221209.194073
784,221223.746816
796,221261.831676
443,221354.479376
451,221350.950690
441,221355.392492
57,221506.901864
495,221463.421242
512,221460.033491
509,221460.792725
519,221478.422567
530,221637.597451
537,221636.593044
529,221638.293639
553,221764.303234
562,221801.265231
967,221790.560950
331,221946.811275
355,221946.289264
334,221967.484921
91,222050.715619
84,222053.809363
149,222038.055937
92,222051.059088
63,222087.813300
96,222051.004936
31,222113.467170
359,221987.115300
256,222014.614966
236,222020.989635
265,222011.857477
35,222115.104977
440,221963.914928
341,221988.924811
490,221994.325541
75,222148.731575
128,222135.383266
87,222146.614634
110,222141.071404
339,222061.608207
130,222135.559928
105,222142.658598
69,222152.615649
284,222079.238934
65,222153.724928
283,222079.764118
81,222163.432204
468,222041.161690
82,222163.431405
292,222137.073157
129,222197.163114
66,222214.533971
250,222152.035581
4,222250.807621
67,222214.814699
255,222150.970758
76,222212.005311
239,222156.069620
173,222287.439625
194,222282.018510
179,222286.622391
354,222225.718474
254,222253.645512
203,222274.224906
168,222290.380474
33,222353.727395
231,222277.743695
198,222348.686106
202,222359.451363
213,222406.885247
238,222395.541899
383,222401.814831
216,222463.388635
379,222420.078805
358,222420.844187
360,222432.661183
364,222432.987595
340,222433.914004
365,222433.463588
85,222932.513811
152,223029.323510
103,223041.594243
118,223055.652228
122,223055.185636
295,222993.262529
290,223010.663859
39,223208.164484
271,223103.680450
2,223209.471627
227,223118.573433
234,223116.306353
60,223221.823591
59,223222.541641
272,223123.428573
275,223122.375069
332,223131.814759
88,223215.555144
72,223445.907074
90,223439.329226
842,223317.044078
484,223403.538707
83,223531.703059
773,223537.029074
479,223610.054277
845,223578.297692
511,223679.374961
523,223677.266977
514,223679.201313
167,223790.920005
182,223787.382092
563,223670.265415
186,223786.124399
531,223676.687642
515,223680.041849
526,223678.060277
180,223788.967729
586,263703.605286
715,263672.757050
579,264545.672305
348,264606.655897
342,264606.885696
362,264606.479793
608,264900.692267
607,264901.215426
419,265181.791427
620,265444.448462
619,265456.700697
612,265866.387351
631,266406.095579
640,266825.043659
657,267015.780344
663,267014.858686
656,267016.253731
662,267016.668053
30,267223.355695
689,267122.652843
665,267454.066622
469,267816.868423
617,267784.222328
633,268902.557930
277,268995.106355
428,268955.130545
453,268945.728146
190,269033.494054
671,268894.789500
413,268960.196703
642,268902.238184
279,268995.285132
159,269045.097481
995,268814.182786
135,269049.555009
248,269005.834791
155,269045.726485
154,269045.960918
980,268817.648145
191,269033.751717
177,269037.736581
727,268873.910599
79,269064.473820
466,268942.665371
421,268958.703531
127,269052.351435
270,268999.985419
297,269097.988659
412,269069.935083
444,269059.156289
420,269067.814894
133,269159.931996
321,269090.538275
316,269092.342849
274,269107.449420
141,269158.567582
48,269213.708910
54,269213.823542
13,269214.641332
447,269059.826222
11,269214.880709
318,269092.818214
410,269072.821704
704,269000.261621
401,269077.078568
682,269004.666571
685,269004.255886
327,302122.837469
862,302561.695234
737,306178.228056
726,306210.534329
753,306265.235079
746,306315.693297
748,306315.396514
384,306432.975537
838,306306.990830
970,306278.018302
818,306311.468690
839,306307.078422
832,306309.118527
829,306310.331173
566,306407.469520
797,306409.517450
801,306408.881230
320,306546.332352
22,306669.232345
27,306669.227672
305,306552.230420
257,306569.222515
319,306547.357808
452,306513.186441
454,306512.452500
409,306528.439143
393,306534.664842
251,306572.042319
500,306498.927637
278,306563.111620
494,306500.510632
446,306516.739177
353,306544.005759
890,306441.425044
896,306439.891523
893,306461.209281
894,306473.232653
882,306476.374785
880,306516.632206
875,306553.856040
865,306600.284911
934,306585.401840
929,306626.765002
933,306626.119285
931,306626.642593
584,306745.140051
643,306770.539960
993,306683.151936
987,306684.655581
998,306749.151636
628,306903.492784
172,307095.501114
163,307098.008809
175,307095.275400
166,307097.555734
312,307040.651158
162,307098.377979
3,307160.914737
244,307103.320667
214,307116.440022
315,307079.906508
269,307096.167887
390,307066.318613
397,307064.191921
497,307030.471517
138,307521.474151
317,307686.794757
9,307848.211042
7,307848.451474
10,307848.503567
12,307859.601528
19,307859.677320
923,307587.355219
302,307743.722908
394,307724.082413
23,307860.345023
140,307805.401964
44,307860.401494
476,307712.928305
288,307767.449236
300,307763.173795
402,307740.249748
483,307710.530167
217,307794.527548
429,307730.976929
42,307878.929366
289,307768.087388
282,307770.365281
229,307788.201704
859,307816.719435
160,308476.355226
29,308557.461148
325,308433.580203
386,308424.978410
308,308439.979273
322,308435.023992
329,308432.914839
470,308395.931995
423,308412.572993
291,308446.851987
472,308395.406838
430,308410.814593
363,308432.089043
389,308425.116219
268,308455.335117
486,308390.933716
395,308423.597115
385,308427.258729
624,308660.507345
415,308714.161319
926,308585.031022
691,308645.935433
699,308644.445427
572,308672.174706
381,308731.003437
651,308655.412731
686,308648.105502
857,308613.865556
913,308682.372329
922,308680.959805
908,308683.828882
927,308680.421687
888,308783.570710
938,308803.850293
709,308863.165967
901,308811.860406
939,308803.972090
940,308804.034999
953,308801.042639
992,308792.126555
950,308802.216466
713,308863.876472
542,308901.397614
674,308873.873927
546,308902.012411
551,308901.157746
560,308899.472721
547,308902.077978
518,308908.031614
521,308907.485209
522,308907.354078
700,308869.680678
684,308873.650184
378,308957.100488
590,308894.738382
174,309020.144065
188,309016.052720
593,308894.578594
184,309017.229023
567,308900.279754
600,308893.497144
601,308893.438843
707,308870.506678
375,308958.448563
596,308894.822178
205,309005.760486
605,308893.200133
698,308872.847466
598,308894.899412
373,308959.217289
223,308997.621555
262,308984.706404
559,308903.685605
606,308893.994605
219,309002.380990
532,308909.274528
208,309006.275069
711,308870.868562
520,308912.078548
549,308906.397780
673,308879.308361
959,308807.287961
554,308905.874525
550,308907.477804
558,308906.034340
533,308911.008304
552,308907.426161
538,308910.297789
536,308910.783701
535,308911.022373
228,308998.999571
233,308997.344073
380,308962.489536
164,309028.013071
212,309007.614482
473,308926.292139
548,308909.227161
347,308963.952549
349,308964.001606
556,308907.976555
215,309007.240750
489,308921.796540
457,308932.686704
350,308964.480824
482,308923.195398
847,308835.992813
516,308916.636453
770,308852.702405
555,308909.039686
504,308919.116596
564,308907.405198
768,308853.492206
758,308855.862655
760,308855.452572
779,308851.430977
767,308854.070244
762,308855.621995
778,308852.214050
777,308852.588202
917,308823.481230
361,308967.735084
876,308833.247612
639,308894.994039
814,308846.775622
650,308893.074241
580,308908.705887
434,308946.918218
623,308900.046299
615,308901.653718
574,308910.274755
588,308907.542583
230,309005.510913
594,308906.235549
426,308950.027576
366,308970.034051
583,308909.107335
224,309007.949433
222,309008.734680
204,309017.971957
117,309049.391655
372,308970.570165
240,309003.096102
171,309034.431677
209,309016.587013
183,309030.938057
242,309002.889523
370,308971.255245
187,309029.922766
602,308906.345700
461,308939.171791
352,308972.283309
367,308971.859683
357,308972.150593
338,308972.825380
351,308972.684645
576,308912.680882
568,308914.382222
561,308915.940030
638,308899.916373
634,308902.071984
613,308907.469176
626,308905.118399
456,308944.249763
465,308941.348745
458,308943.850025
589,308913.021630
595,308911.971633
374,308975.700145
189,309034.008996
371,308976.041269
210,309021.544093
459,308944.581721
604,308911.249023
218,309019.574788
477,308938.993820
369,308977.208023
226,309014.443761
241,309009.568473
199,309033.974402
462,308945.005213
169,309041.830458
597,308913.948596
356,308978.411686
345,308978.972438
200,309034.640805
545,308925.133894
406,308966.279587
540,308926.462061
565,308921.581401
539,308927.092586
543,308926.350825
377,308979.522570
571,308921.259313
528,308930.164103
517,308932.511345
496,308936.945062
344,308981.359239
503,308935.700425
541,308928.280380
480,308941.059519
501,308936.375320
485,308940.159040
502,308936.504931
798,308863.738792
487,308940.124333
492,308939.349479
782,308867.235964
439,308958.213800
763,308872.130183
481,308941.533109
776,308869.276209
766,308871.633461
789,308866.549308
899,308842.589925
721,308882.251205
720,308882.555144
629,308912.285969
997,308821.209333
710,308894.186157
664,308904.255985
659,308905.300759
261,309009.345033
654,308906.358546
661,308905.227809
655,308906.260696
573,308925.398585
418,308967.183782
611,308917.637621
376,308984.527803
343,308985.485100
647,308910.441376
718,309685.016987
787,311497.809325
641,311556.371288
534,311578.544319
220,311669.397196
544,311576.729605
346,311630.674681
382,311629.840329
557,311574.620497
513,311583.330865
206,311677.047449
435,311607.916097
207,311676.833422
635,311558.638793
632,311560.015585
630,311560.417157
609,311564.635754
618,311562.968124
422,311612.655983
719,311531.273015
581,311570.777521
610,311564.674254
498,311587.856310
653,311554.138954
450,311603.677337
478,311593.751851
582,311571.485619
622,311563.421769
614,311565.051780
245,311663.505377
587,311571.075172
912,311490.563869
891,311496.656179
911,311492.275095
905,311493.497164
914,311491.904685
930,311488.736845
910,311492.870831
909,311493.068133
919,311491.499325
804,311516.196889
840,311508.877441
972,311479.868742
823,311512.810555
833,311511.141731
743,311530.281916
866,311503.704667
736,311531.994627
745,311530.206105
851,311507.593732
690,311552.048712
892,311498.337656
878,311502.046205
728,311534.672624
853,311508.111486
897,311497.986060
771,311525.693573
883,311501.787536
803,311518.773435
837,311511.696366
835,311512.846047
920,311494.140662
744,311532.269296
830,311514.153693
991,311477.754664
925,311493.553447
809,311518.548364
1000,311476.507311
463,311606.106018
977,311481.923080
904,311498.451822
652,311562.662592
649,311564.810423
658,311561.705839
983,311480.779004
433,311618.498047
625,311570.969135
648,311566.100011
627,311570.916883
621,311572.221639
723,311548.262927
732,311556.152558
751,311552.285993
725,311561.126855
956,311588.561375
960,311611.815869
966,311626.338216
824,311678.646622
826,311795.877010
831,311952.650538
943,312028.673250
807,312101.688283
981,312271.812658
988,312292.762369
990,312305.248074
645,312424.542676
941,312361.232536
996,312378.679112
666,312489.275246
667,312512.145799
660,312521.372871
677,312547.443855
703,312602.423568
569,312713.319299
688,312723.099855
694,312729.067326
716,312719.848689
714,312736.249109
733,312735.491901
738,312738.660613
735,312741.289397
757,312743.615207
747,312748.651139
742,312751.054067
971,312708.605262
968,312722.064531
794,312760.724078
828,312762.116433
811,312766.506059
806,312776.613547
507,312869.956424
864,312847.695536
873,312864.818325
884,312862.562046
872,312865.385732
861,312889.933897
871,312925.198206
706,312982.218318
702,312990.238235
724,313170.585750
739,313193.138114
756,313463.239148
841,313451.936975
827,313462.684190
825,313481.837304
820,313494.208631
812,313519.921648
810,313535.888717
813,313542.195127
800,313596.880148
805,313595.719637
932,313588.204895
508,313735.057391
887,313669.281376
867,313686.421599
879,313693.143806
860,313704.033063
856,313712.473993
869,313720.073054
928,313712.583032
863,313733.462437
936,313748.808581
903,313793.383945
947,313820.856054
907,313829.662069
963,313820.048955
957,313831.281411
965,313831.226350
906,313914.602179
942,313917.662631
948,313952.387573
916,314014.161970
578,314261.233782
585,314380.280284
874,314310.136863
877,314314.704556
984,314329.784850
994,314334.623945
999,314342.969999
669,314430.357442
475,314478.671308
680,314448.104459
695,314448.174077
693,314470.172269
672,314476.098372
683,314485.759618
705,314484.732108
844,314464.219701
889,314457.011230
885,314460.232261
886,314460.617267
870,314465.381587
696,314544.973145
701,314552.935801
712,314556.869119
717,314553.140839
692,314574.411431
734,314599.427579
730,314608.742962
722,314616.967330
731,314622.241775
752,314639.844397
755,314648.409574
816,314654.216462
817,314662.018086
973,314638.382355
749,314694.603345
759,314700.370208
819,314692.092546
754,314709.841665
750,314717.572457
836,314717.294927
834,314717.798898
815,314721.471247
843,314715.735991
460,314817.416468
898,314712.991281
848,314733.758160
881,314730.568575
895,314733.393453
868,314740.334756
854,314764.393755
921,314756.004773
924,314758.197275
954,314751.661511
915,314791.092220
900,314796.711119
850,314817.150741
945,314804.920091
918,314819.349505
952,314834.982787
961,314840.043965
969,314848.460590
944,314865.263545
852,314887.101298
962,314882.507296
935,314894.601055
902,314905.510556
575,314992.643190
958,314904.331052
951,314933.854702
697,315000.738774
687,315004.106517
729,314998.626228
964,314952.423633
741,315004.828922
740,315006.487747
955,314981.655328
949,314987.511546
855,315059.046957
858,315080.225937
849,315098.232635
