24,42.030745
34,169.566041
25,232.740492
40,251.884358
68,806.429140
56,929.373724
64,1051.504387
71,1087.331693
5,1196.861860
14,1371.067517
16,1439.092567
26,1489.629288
28,1637.074962
37,1774.308262
43,1856.699896
52,2824.680892
70,3537.325380
18,3660.737534
20,3660.715231
86,3946.448680
93,4353.731457
58,4437.390608
59,4622.954675
31,4643.154468
33,4662.970389
55,4962.233284
69,4959.908586
61,4962.294327
57,4963.407518
54,4964.109791
39,5052.489101
73,5070.246864
3,5096.806182
1,5098.382565
15,5101.049074
21,5113.832755
30,5126.092334
35,5132.928033
49,5184.601664
51,5184.772382
47,5185.295170
45,5185.618655
46,5185.647746
89,5232.036331
100,5350.912449
94,5400.946113
95,5581.036448
8,5749.463961
11,5763.863549
6,5774.846581
17,5813.530724
63,5929.946490
48,5988.246928
4,6127.071789
53,6118.198009
72,6114.206958
62,6124.767623
80,6219.114625
2,6680.134670
13,6678.235870
44,6671.988326
12,6700.505728
60,6691.754743
32,6698.574147
42,6732.412896
38,6733.964307
9,6748.718023
10,6748.888693
19,6766.809224
29,6792.331484
27,6793.199814
23,6795.714696
22,6796.111331
66,6786.613697
41,6794.081499
50,6796.545943
78,6846.163221
74,6880.927537
82,6915.809711
83,7386.865307
88,7444.822923
84,7447.930688
91,7446.561801
75,7449.777541
92,7446.577822
7,7464.379491
99,7446.258816
81,7450.785433
67,7452.835054
96,7447.024133
36,7459.124693
65,7485.094227
97,7478.343879
77,7485.641566
87,7713.694818
98,7715.071685
76,7760.512422
85,7768.505481
90,7773.837896
79,7784.574130
