5,5779.642349
111,5790.513491
28,15082.398016
120,15221.372820
86,15237.480088
96,15315.852133
93,16619.611863
73,17010.597999
47,18247.206819
68,18343.825916
34,18462.546935
25,18823.973606
24,19108.658592
16,19208.269867
102,24563.334750
71,24599.745002
35,24616.904209
18,24942.585636
26,24959.738462
80,25336.380949
95,25361.847598
40,30025.762877
70,30074.295779
76,30096.664295
37,30130.436109
8,30285.612149
10,30287.269976
113,30297.018021
32,30313.022926
39,30347.437272
64,30460.638621
106,30963.642299
14,31017.739803
7,31054.133023
46,31047.800495
1,31062.316858
88,31052.112962
61,31058.967158
56,31061.482607
82,31059.533655
49,31065.162034
48,31067.111199
118,31090.121384
108,31091.896250
33,31122.568298
69,31134.587127
17,31143.872997
21,31143.563418
107,31153.830254
78,31224.644435
109,31265.533692
85,31339.189123
103,31539.084362
58,31649.579885
75,31680.526965
13,31787.574012
116,32169.025849
57,32206.061538
66,32206.983197
84,32204.484064
92,32203.055311
81,32205.521119
36,32213.939071
12,32217.200459
2,32219.522069
31,32215.134641
38,32214.257611
72,32267.043408
27,32275.038324
89,32268.088739
104,32288.996915
3,32307.832089
74,32304.124170
63,32363.013740
114,32385.641599
53,32398.122650
22,32430.793528
112,32426.175265
90,32462.239559
91,32530.943545
77,32546.109381
6,32561.170559
117,32556.665632
41,32597.545708
62,32594.292437
99,32586.733287
11,32602.745716
52,32605.371196
67,32617.245368
15,32640.917790
60,32644.328157
87,32654.331021
44,32661.462239
23,32680.665766
110,32705.431818
97,32745.662663
45,32765.192649
4,32780.891948
19,32786.749581
9,32794.959664
105,32798.816009
30,32814.220989
50,32847.539806
83,32850.704646
115,32846.458588
79,32855.109698
98,32851.679410
100,32852.657425
59,32874.636385
119,32867.133721
43,32882.762557
94,32875.179859
42,32885.335935
101,32879.752259
54,32890.682404
55,32905.054525
65,32904.343281
29,32912.215734
51,32921.591405
20,32948.872625
