111,6258.553577
120,8716.070482
93,11567.368442
18,11592.440156
96,11589.547286
26,11865.052464
5,12055.806813
86,12126.460472
28,15133.929147
24,15485.981972
34,15513.254747
123,16531.428271
16,16638.932173
56,16673.554012
73,16727.427711
68,17230.637515
92,18046.248412
25,19880.053370
14,19918.234151
47,20101.263243
35,20125.284564
1,20273.221585
121,20723.212261
17,20754.059140
40,21908.987806
46,22774.285656
108,23381.530346
91,23910.567956
13,25374.842520
22,25433.946800
70,27374.278924
57,27387.692065
125,27447.995504
102,29095.349493
113,29131.053712
71,29160.648813
98,29163.837699
39,29182.363926
78,29177.565247
2,29442.036817
90,29567.073895
103,29625.968602
129,29682.256890
19,29742.465384
23,29820.455866
82,29884.341383
61,30019.899739
88,30179.709308
99,30239.630849
53,30269.396220
11,30283.855635
8,30530.728282
63,30532.386889
74,30557.214238
124,30732.817387
49,30848.831870
33,30851.481771
37,31263.479559
31,31299.579520
109,31502.933582
126,31501.280987
42,31544.962473
118,31542.433529
117,31555.668400
79,31571.963936
44,31588.061337
110,31585.354649
115,31623.402167
32,31650.462359
10,31664.637644
54,31672.298299
12,31687.854978
87,31716.425226
15,31742.815289
3,31756.783864
127,31735.776963
106,31762.918954
52,31776.693991
48,31799.067842
80,31805.781835
21,31981.973261
114,32457.923723
116,32650.411587
83,32679.809178
94,32702.555149
30,32721.677106
81,32721.114803
122,32891.751261
95,32905.630432
60,33101.347270
85,33124.963373
29,33332.968432
130,33492.908396
9,33574.744326
69,33580.045862
105,33666.435929
27,33691.570536
41,33710.818188
97,33714.235803
38,33739.660346
36,33751.664048
62,33880.339157
75,33901.323591
4,33977.289958
59,33990.711273
66,34001.700646
77,34010.226461
72,34115.460029
20,34125.049795
104,34109.675175
65,34117.463751
58,34141.052406
6,34160.803570
76,34181.126532
7,34193.526293
45,34200.284122
55,34205.217798
84,34210.908234
89,34284.935249
119,34280.019466
112,34283.610757
43,34311.606555
100,34304.416620
64,34317.286097
128,34318.312368
107,34325.951598
50,34337.346914
101,34331.757483
67,34338.790623
51,34345.715592
