111,6582.897805
5,6637.847175
34,9214.808659
26,9228.852858
120,10718.543486
86,10741.417082
139,10733.177173
68,10768.170337
28,16353.254193
47,16376.965257
96,16469.145780
73,16500.937925
102,18557.755074
93,20862.503631
40,21300.054568
25,21321.842316
16,21323.618967
24,21358.188180
35,22217.667667
113,22257.420326
123,22309.913278
121,22897.275412
131,24668.226484
18,24718.258914
14,25168.504609
137,25147.696367
56,25165.415597
71,25922.071243
49,26341.846139
46,27027.055031
70,27216.447172
95,27413.798537
1,27463.287266
61,27731.189752
125,28454.007734
75,30660.305147
80,32100.762369
17,32114.145578
22,32124.245353
108,32116.641361
109,32283.833851
37,32376.336846
92,32375.085111
62,32555.176324
50,32699.343184
88,32794.070752
45,32940.113118
39,33838.934214
129,33832.757958
27,33860.280706
59,33867.523886
77,33888.813685
115,33892.885955
126,33903.725944
69,33999.797897
33,34013.934789
31,34029.451066
60,34158.130419
19,34277.801206
10,34294.140105
23,34307.670255
116,34299.961731
103,34312.758920
2,34339.577688
83,34335.643654
57,34353.843982
29,34381.514682
105,35124.529200
133,35146.466965
118,35202.186617
100,35235.641348
99,35246.470190
15,35273.660350
124,35268.323686
63,35288.014088
91,35293.441167
53,35311.203891
74,35316.462725
140,35338.726607
122,35350.512182
117,35359.502061
97,35371.017443
44,35389.844164
134,35406.364827
110,35420.070668
32,35442.343741
98,35441.292305
72,35455.691171
81,35515.621747
36,35690.074730
87,35853.278848
12,35875.757430
13,35877.741850
7,35887.664554
42,35890.105160
128,35885.884727
64,35912.869898
11,35930.196151
8,35932.747162
48,35936.923363
94,35960.903174
101,35975.340334
41,36001.190857
85,35999.486235
58,36032.672348
112,36218.325466
78,36251.786079
84,36259.990523
43,36268.217820
89,36272.548804
138,36559.372623
55,36667.319182
130,36663.637501
67,36683.214496
66,36691.851368
65,36702.474402
6,36724.223980
79,36723.929522
38,36739.295897
9,36753.640752
3,36769.425409
82,36764.552119
104,36784.509112
119,36781.739679
127,36780.645338
90,36797.037992
54,36813.591111
76,36845.016020
30,36864.214456
114,36864.683657
21,36894.724228
4,36920.689985
52,36949.657566
132,36953.305633
135,36967.588695
107,36975.169629
136,36971.062791
20,36993.301499
106,36981.177151
51,36994.754863
