111,5139.322736
5,6516.099024
120,10529.520536
93,13151.006000
139,14071.911573
68,16618.481860
141,16611.297609
86,16889.262948
40,16949.269942
26,16960.657128
96,16982.050808
28,17021.756789
34,17104.724934
47,19006.523210
145,20035.963558
102,20500.045371
71,20763.064334
61,21012.664582
16,21684.665573
24,21819.619484
25,22131.763535
123,22368.904246
113,23142.932780
31,23233.905542
1,23305.995413
137,23301.515760
70,27014.581450
46,30550.606770
73,45260.613472
131,64681.813737
35,64697.508685
82,80640.703384
8,83645.273304
136,83629.184725
13,97139.455703
88,97450.273847
75,98456.839218
133,99090.411961
60,99108.597307
105,99258.400180
98,99260.862464
65,100630.114427
49,100638.780989
108,100629.145877
92,100844.043037
14,100873.625804
12,102580.663371
142,109455.190574
121,115152.232769
109,115162.115675
11,116154.691107
22,116450.993726
18,117716.474150
95,128359.758935
21,128440.612032
112,128608.949249
80,128617.041261
144,128605.885935
126,128625.583384
101,128645.652327
58,128740.819483
57,128920.823826
134,129023.642083
106,129286.572149
74,129294.426483
84,129306.443022
3,129316.056232
94,129358.258394
56,129397.583291
63,129431.787759
127,129853.718012
114,129907.166624
36,130046.568382
44,130054.828995
77,130220.157329
39,130258.010059
103,130248.726210
30,130302.865187
48,130306.124342
83,130310.012919
66,130327.206020
124,130337.413147
87,130810.158791
78,130848.294228
81,130882.187215
143,130893.460156
99,130963.459164
132,130965.230064
129,130973.644348
59,131012.005649
128,131007.031951
79,131024.436394
115,131026.272468
7,131046.479863
122,131040.062772
67,131058.716072
37,131070.028159
140,131053.466964
17,131070.641268
107,131099.049455
125,131095.472863
69,131106.774357
62,131108.876950
130,131097.874279
72,131117.191669
118,131115.645785
138,131120.657210
10,131145.109077
19,131152.978852
54,131159.886819
52,131174.569878
38,131182.693789
91,131183.844263
135,131184.518627
76,131213.491919
97,131220.805212
85,131230.643568
117,131231.788065
29,131265.826034
23,131267.306337
116,131258.065523
53,131277.858218
45,131289.536271
6,131320.256674
42,131322.319138
32,131323.779987
27,131325.595896
9,131326.002199
15,131350.135016
2,131350.444705
4,131351.988263
104,131353.357955
110,131367.685739
64,131378.387274
119,131391.434723
100,131418.856588
20,131442.974475
89,131449.127362
50,131459.405197
90,131459.469268
33,131490.350478
55,131491.031893
43,131494.846868
51,131558.678078
41,131565.827957
