111,9000.390246
73,19956.807024
113,20354.876267
92,22020.054119
5,22464.868909
120,22726.691997
139,22758.050980
26,23886.262218
34,24023.077691
28,24049.566707
35,24247.880498
1,24248.953178
123,27497.348976
61,42174.325042
96,44475.758163
121,44932.356849
93,45290.596264
31,45440.616213
137,46572.662131
82,46582.761078
88,46872.984856
56,47128.930307
18,47137.470799
141,51881.169379
145,51881.060134
37,52250.488952
95,53071.316200
69,53076.833782
135,55223.658276
47,65397.756339
63,65395.968771
70,65394.515445
131,65659.090694
102,66506.061504
25,67668.314784
16,68301.290690
128,68634.526808
109,68649.772512
46,69092.680052
68,74150.415318
64,74155.896487
125,78219.868644
14,78515.533352
108,78511.966821
86,78515.769431
112,78813.143362
85,102858.184824
71,102871.035953
24,103436.139718
87,103437.351059
49,103728.024234
142,103714.552261
40,103742.150776
67,103740.931341
144,105081.879582
89,105094.414576
97,105405.628993
79,105719.784377
2,105998.085774
129,105991.902998
133,105999.858598
77,106017.538564
59,106270.441027
83,106272.584043
132,106265.532815
138,106271.996112
12,106483.789166
42,106490.826103
19,106498.656731
54,106505.307483
99,106773.904891
98,106782.082704
36,106798.747873
23,107078.489019
74,107082.860153
22,107089.015987
66,107093.370872
90,107096.854764
103,107385.925144
115,108763.600151
106,109048.816445
110,109073.799784
118,109231.923159
76,109260.825749
72,109549.524537
78,109753.733959
134,109752.462801
75,109771.423284
11,110024.755118
29,110031.952437
7,110040.288654
57,110295.053250
119,111191.679831
124,111693.287292
53,112004.373336
27,112014.785902
105,112558.732446
117,112568.056940
65,112588.096461
122,112891.283043
140,112903.328545
130,113185.766086
9,117702.092884
60,117709.491105
107,117714.589471
3,118285.539071
149,118674.160086
52,118996.794536
55,119577.146224
15,119752.158706
136,119963.800647
150,120113.185868
33,120146.378676
146,120142.229217
38,120159.411956
13,120159.897296
80,120297.648641
8,120304.299041
30,120304.170332
101,120545.651326
147,120538.266750
48,120555.285073
116,120551.625554
10,120564.019894
6,120575.984214
91,120878.239009
39,120888.631066
32,120896.638001
41,120904.226648
148,121123.931319
44,121142.894703
81,121139.474761
4,121336.784917
21,121352.479617
58,121354.329753
20,121627.592520
84,121621.416013
51,122238.512364
45,122242.995518
127,122236.923504
114,122248.008706
104,122484.693081
94,122767.586662
50,122788.018762
17,122791.183802
126,122779.427401
43,122797.652946
100,123034.205143
62,123043.197118
143,123030.678985
