5,3070.266787
34,6339.432614
28,6439.915491
26,7194.012737
1,7256.295192
47,10195.972927
17,10252.528826
35,10299.460035
16,10312.921935
18,10314.357425
14,10324.967898
46,10325.343136
40,10351.898594
33,10665.142292
8,10775.668293
25,11118.294247
13,11358.129234
22,11373.410641
49,11420.434156
7,11519.493179
3,12349.650742
10,12400.995556
24,12398.297581
48,12412.859822
11,12423.873516
39,12431.218701
9,12461.568627
32,12604.955375
41,12647.880294
29,12678.001910
4,12697.846252
36,12706.507680
27,12735.041509
42,12868.795205
2,12934.933349
12,13007.312303
19,13036.183598
23,13036.846685
31,13064.141979
15,13203.376632
37,13285.330574
44,13284.855396
20,13298.451316
6,13313.013781
38,13305.939535
45,13319.584009
43,13341.981208
30,13347.683239
21,13353.372024
50,13346.085820
