192,73.281049
93,229.887784
120,225.761712
95,655.732339
123,689.542990
101,730.629080
94,923.323506
1,975.212556
191,957.788269
96,1140.039121
237,1167.098164
102,1190.885578
100,1225.571617
125,1228.196822
126,1239.443874
111,1387.976244
225,1499.943489
5,1670.098704
157,1733.393902
121,1967.038654
233,2061.462701
127,2475.037187
119,2869.870346
260,2887.316195
153,3025.319933
156,3025.944429
114,3082.753960
131,3219.143104
137,3366.824118
139,3377.362298
144,3484.194348
28,3888.636064
16,3938.333919
236,4207.762029
104,4294.510711
252,4298.525200
106,4357.610364
223,4530.768113
3,4666.642210
258,4716.034282
266,4889.135443
14,5123.381364
142,5391.770773
145,5414.348446
158,5527.770184
18,5648.135707
56,5752.841336
26,5842.211136
34,5931.496213
40,6060.932168
25,6349.697442
71,6614.540455
232,6788.511318
24,6869.667830
238,6884.684014
235,6886.393974
86,7013.464768
259,7180.210913
287,7346.126920
331,7348.022095
97,7499.677327
263,7560.293083
99,7607.690940
107,7819.270075
113,7939.639907
264,7919.567830
112,7940.084855
219,8496.104460
141,8734.407244
143,8742.890379
92,8835.658929
20,8989.354388
47,8989.212426
46,8989.405621
262,9018.235277
49,9201.969494
37,9229.855320
43,9244.359718
64,9539.651735
68,9640.533678
80,9904.986528
231,9970.254916
228,9984.397316
253,10103.402035
265,10264.493745
340,10569.180490
364,10757.955624
298,11212.794098
307,11296.397555
306,11309.465889
324,11560.780133
355,11917.019505
341,11929.701346
453,12059.571710
103,12107.046848
280,12237.471387
448,12504.134758
436,12663.260561
438,12779.291398
122,13059.388421
417,13258.368933
399,13440.963431
392,13629.520516
234,13933.090179
10,14019.552534
254,14071.513576
105,14103.357740
98,14107.874691
256,14119.232134
4,14300.344757
6,14341.960728
8,14355.351305
91,14336.690233
108,14347.764453
150,14410.973422
270,14484.645337
155,14512.290039
221,14594.083908
136,14718.511805
146,14790.937059
148,14822.441774
193,14820.388094
124,14836.777039
15,14889.915140
50,14906.858141
31,14979.760994
17,14999.115204
55,15112.655023
51,15167.424234
35,15267.688269
70,15355.993357
229,15663.126786
241,15913.308720
274,16051.591156
313,16106.317245
358,16222.368876
365,16323.031949
362,16347.041472
273,16678.316977
242,16692.522172
293,16742.443673
285,16756.155310
297,16780.158649
323,17063.255559
330,17179.772696
334,17208.682329
337,17288.357604
342,17333.217098
354,17343.536112
348,17370.631167
333,17527.697747
89,17874.875664
445,17917.376370
446,17947.741017
451,18015.335836
419,18162.463228
437,18190.109595
424,18191.226218
432,18227.940274
425,18252.833129
420,18336.353940
412,18485.206208
400,18682.499224
403,18695.808736
388,18886.043600
387,18941.928212
383,18958.389924
491,19105.931373
165,20013.964023
170,20098.203318
178,20251.488583
197,20499.743855
196,20502.330616
195,20504.513785
90,20735.977475
211,20791.942925
213,20791.811002
128,21003.819439
186,21042.028366
109,21076.435950
7,21168.845369
151,21206.625123
152,21210.077187
11,21524.007152
138,21901.062982
45,22695.887435
21,23341.470080
240,23291.392708
58,23350.771477
52,23650.046949
33,24264.549612
61,24553.248347
84,24838.087676
62,25097.694051
63,71553.723646
78,71553.915786
81,71571.832879
30,72094.229934
227,72758.850322
250,72773.260541
283,73157.352994
59,73524.225946
302,73801.769363
360,74713.677363
373,75994.043672
159,76648.148527
350,78902.338359
277,81102.851906
279,81107.267753
441,83078.962564
434,83097.612109
428,84072.483874
416,84384.009751
421,84384.233407
269,84386.129840
65,121713.782710
73,125210.552662
74,125559.171710
82,125868.915185
244,126099.404055
239,126389.798814
294,126909.126469
347,127198.257154
359,127487.969634
303,128978.869238
249,128979.891234
304,129238.929921
314,129838.928827
339,131268.914092
353,131269.119067
67,131341.332397
380,131579.053056
309,131580.202524
267,132009.688498
454,132267.420976
452,132647.527729
443,132648.048889
110,132670.878220
444,132648.361419
407,133588.792478
413,134188.718588
408,134189.188348
396,134528.973655
379,135079.057141
488,135097.063049
495,135707.345331
464,135708.441157
468,135708.587323
243,135711.459150
164,136001.503107
168,136001.341125
173,136200.404596
179,136199.688354
194,136215.500700
198,136497.154357
201,136514.875223
203,136515.231194
215,136822.929774
208,136824.189862
216,137094.064581
9,137153.294553
115,137112.169378
129,137109.123252
257,137092.188730
224,137093.103758
13,137422.420685
72,137411.505851
245,137361.857203
130,137378.896927
132,137378.808598
154,137374.495771
220,137364.061968
117,137382.201974
133,137379.182924
32,137423.995641
53,137423.909283
147,137377.662749
27,137424.515916
490,137633.408778
48,140422.453358
116,140381.867720
272,141841.997636
135,141858.721159
140,141858.165119
271,141842.698067
230,141843.559094
60,141893.727050
66,141893.747058
22,141904.936355
44,141904.783700
75,141894.015107
69,141894.177742
42,141905.129415
54,141905.089863
41,141905.335917
39,141915.965741
57,141916.052629
23,141916.596151
19,141916.752229
118,141875.117742
134,141872.123330
321,141855.273397
349,141855.077373
378,141854.885650
12,141917.581768
301,141855.963914
288,141856.225755
275,141856.487423
88,141906.636612
222,141858.181682
38,142473.422688
377,142750.708507
261,144153.171841
300,144479.681060
366,144849.227448
363,144855.262153
370,145418.301189
371,145426.194336
281,145728.997538
296,146025.794660
308,146301.727643
311,146635.727035
344,147927.304120
459,148281.071257
456,148298.739814
290,148962.089401
457,149599.936995
442,149897.319292
447,150177.779587
439,150191.053879
429,150778.205083
426,150791.488763
406,151102.239591
401,152057.280483
397,152550.845969
391,152555.086071
386,152852.156730
389,152862.478900
385,153155.633727
384,153168.093611
286,161853.751585
369,164490.609660
376,164514.380616
372,164514.596869
316,166067.378190
315,166383.642938
327,166830.169614
328,166842.658809
335,167168.114211
343,167533.070533
255,168277.706905
427,169178.913185
418,169479.651551
414,169494.427113
405,169562.742921
398,169604.906548
375,169641.696563
494,169640.712172
500,169650.250059
466,169651.425630
188,169682.206884
202,169681.736109
205,169687.605325
476,169718.572389
357,169729.596909
473,169744.642783
483,169754.621475
161,169854.264303
174,169898.017816
183,169921.815125
187,169968.140179
212,169971.811960
374,170240.150731
352,170249.902379
278,170252.488929
291,170262.552956
299,170270.207555
312,170271.961853
332,170290.482398
318,170292.270717
356,170301.404923
351,170304.223909
450,170304.379165
329,170311.304599
292,170315.310183
247,170316.485371
251,170318.117900
460,170325.507095
449,170336.092979
440,170347.696406
430,170362.617069
422,170365.052876
415,170368.480159
411,170371.071249
409,170375.743012
402,170379.817486
394,170400.119037
395,170400.310173
390,170404.513552
482,170426.550980
479,170439.023386
484,170489.556870
470,170584.444729
481,170649.839031
469,170662.815078
166,170716.237776
172,170786.176544
176,170812.627350
177,170830.554663
185,170871.431099
190,170905.873371
199,170913.896637
206,170958.760944
210,170984.503716
218,171032.948888
36,171101.125833
76,171101.095808
29,171135.380383
83,171138.817321
276,171124.902349
248,171125.555818
246,171125.692719
226,171126.200086
345,171186.087012
368,171186.368050
268,171188.570838
367,171187.987257
282,171189.082755
284,171189.142635
289,171189.122828
325,171188.922197
310,171196.895868
317,171201.500445
319,171201.571865
320,171204.757033
326,171276.367328
305,171276.769060
431,171275.389071
295,171277.070374
85,171327.380174
455,171275.159130
346,171276.659943
336,171276.795185
433,171280.906312
423,171291.898046
404,171312.001605
393,171324.466019
149,171380.890741
382,171365.896200
474,171364.789673
461,171385.996532
458,171386.473423
163,171400.793130
162,171401.013877
485,171386.485080
181,171411.811488
184,171413.951051
209,171416.378833
338,171435.352702
87,171500.374931
435,171455.878720
381,171467.006573
498,171476.771031
497,171496.009601
492,171536.469000
496,171536.634448
2,171610.898445
361,171548.629780
480,171619.251558
486,171619.493531
489,171619.594953
478,171619.894242
472,171620.549299
475,171621.843086
487,171624.028805
465,171627.670860
462,171632.003335
471,171641.905407
463,171650.613254
160,171667.205266
167,171671.076470
169,171671.452497
171,171677.343255
175,171685.037514
180,171688.201815
182,171704.315326
207,171736.872935
204,171737.518960
200,171737.980047
214,171759.570586
77,171830.330907
410,171780.121262
79,171832.295376
322,171781.846055
467,171779.986848
477,171779.513381
499,171780.932764
189,171827.625878
217,171824.948154
493,171819.745393
