16,145.149994
14,220.923196
24,393.249937
18,520.990910
20,569.496865
26,673.648257
28,727.855229
40,975.002514
17,1174.509297
25,1172.786478
1,1288.480169
34,1346.534350
37,1492.924940
5,1862.058197
15,1955.010314
21,1971.227746
43,2381.186384
49,2386.926001
9,2640.860645
30,2661.730459
22,2664.005938
11,2701.143015
31,2806.699571
6,2863.739761
46,2954.766549
45,3078.591993
3,3121.109284
32,3172.051980
27,3204.177025
35,3223.214640
33,3295.833473
19,3335.679888
48,3358.436467
50,3432.612020
47,3439.390787
8,3537.479953
10,3569.540315
13,3601.293905
7,3791.937924
36,3788.039043
39,3836.910795
38,3840.058968
29,3931.651700
4,3936.919127
12,3938.780970
44,3959.328976
2,3970.681991
42,3973.387684
23,3984.094166
41,3986.064995
