0,191.718
1,195.798
2,200.126
3,202.658
4,205.036
5,212.430
6,228.185
7,239.334
8,243.276
9,245.601
10,249.336
11,252.799
12,253.794
13,255.542
14,259.130
15,262.046
16,271.430
17,277.984
18,288.120
19,296.949
20,300.862
21,308.230
22,317.564
23,327.875
24,339.371
25,346.491
26,352.692
27,359.977
28,373.739
29,386.439
30,409.064
31,427.628
32,436.697
33,441.283
34,444.785
35,449.721
36,454.327
37,465.447
38,472.571
39,476.094
40,485.894
41,532.326
42,580.149
43,582.539
44,585.453
45,592.835
46,601.594
47,608.342
48,613.070
49,619.065
50,625.522
51,630.276
52,638.710
53,647.313
54,650.634
55,661.825
56,667.385
57,681.497
58,748.656
59,772.839
60,827.144
61,857.049
62,876.193
63,913.743
64,985.510
65,1166.425
66,1215.652
67,1278.234
68,1327.258
69,1349.653
70,1389.872
71,1406.972
72,1425.644
73,1436.071
74,1444.291
75,1450.128
76,1460.475
77,1469.517
78,1479.236
79,1484.291
80,1495.708
81,1503.980
82,1519.735
83,1598.491
84,1734.379
85,1904.151
86,1956.596
87,2013.043
88,2657.990
89,4719.292
90,4743.136
91,4777.395
92,4826.249
93,5317.950
94,5362.352
95,5377.491
96,5418.391
97,5423.631
98,6226.780
99,6359.937
