0,18.397
1,29.901
2,32.894
3,34.351
4,35.227
5,36.115
6,36.893
7,37.743
8,38.693
9,39.712
10,40.401
11,41.117
12,41.819
13,42.464
14,43.211
15,43.742
16,44.268
17,44.782
18,45.310
19,46.027
20,46.735
21,47.505
22,48.512
23,49.507
24,50.378
25,51.237
26,52.037
27,53.121
28,54.468
29,56.410
30,57.752
31,59.559
32,61.165
33,62.605
34,64.725
35,68.139
36,72.476
37,79.844
38,86.291
39,110.181
40,145.348
41,215.959
42,264.180
43,269.533
44,277.186
45,279.586
46,283.493
47,286.843
48,290.134
49,292.446
50,299.068
51,302.472
52,304.488
53,306.480
54,308.546
55,313.214
56,315.523
57,316.858
58,318.021
59,318.839
60,319.981
61,321.527
62,323.597
63,326.666
64,331.379
65,335.562
66,339.040
67,342.638
68,345.668
69,349.047
70,352.105
71,358.144
72,361.330
73,363.669
74,365.380
75,367.329
76,369.203
77,370.921
78,372.080
79,373.257
80,374.013
81,374.796
82,375.523
83,376.173
84,376.685
85,377.179
86,377.635
87,378.083
88,378.485
89,378.934
90,379.376
91,379.778
92,380.275
93,380.947
94,382.088
95,384.609
96,486.726
97,1032.258
98,1056.562
99,1334.237
