0,12.967
1,14.957
2,15.947
3,16.473
4,17.208
5,17.952
6,18.426
7,18.647
8,18.835
9,19.315
10,19.672
11,20.010
12,20.292
13,20.510
14,20.631
15,20.716
16,20.849
17,20.940
18,21.072
19,21.252
20,21.436
21,21.603
22,21.703
23,21.899
24,21.982
25,22.112
26,22.205
27,22.332
28,22.549
29,22.691
30,22.805
31,22.888
32,23.051
33,23.202
34,23.289
35,23.472
36,23.563
37,23.667
38,23.782
39,23.895
40,24.007
41,24.139
42,24.293
43,24.352
44,24.545
45,24.619
46,24.733
47,24.866
48,25.089
49,25.258
50,25.338
51,25.499
52,25.642
53,25.756
54,25.901
55,26.065
56,26.314
57,26.485
58,26.717
59,26.961
60,27.120
61,27.435
62,27.666
63,28.172
64,28.429
65,28.734
66,28.925
67,29.509
68,30.072
69,30.765
70,31.466
71,31.962
72,32.899
73,33.515
74,34.616
75,36.601
76,38.863
77,41.616
78,43.810
79,48.711
80,50.351
81,52.998
82,58.046
83,64.266
84,69.974
85,73.650
86,76.647
87,78.081
88,81.436
89,84.658
90,93.302
91,96.360
92,104.266
93,107.429
94,251.505
95,1795.392
96,2299.954
97,2310.865
98,2341.686
99,2350.841
