0,109.907
1,116.720
2,123.887
3,128.146
4,134.542
5,139.066
6,150.198
7,156.233
8,164.243
9,175.540
10,179.037
11,181.531
12,191.706
13,233.400
14,253.368
15,255.722
16,258.212
17,262.569
18,264.537
19,266.089
20,267.474
21,269.284
22,271.948
23,274.474
24,275.943
25,278.258
26,280.791
27,283.002
28,285.718
29,289.319
30,293.196
31,295.517
32,301.753
33,357.980
34,400.294
35,407.786
36,408.241
37,412.663
38,423.359
39,428.875
40,435.774
41,443.111
42,454.633
43,466.352
44,660.236
45,758.366
46,761.840
47,764.717
48,772.394
49,777.134
50,785.382
51,788.421
52,793.182
53,795.899
54,797.495
55,800.269
56,814.152
57,821.469
58,827.902
59,840.568
60,846.209
61,848.919
62,854.074
63,856.706
64,857.705
65,859.790
66,861.918
67,866.106
68,877.608
69,886.593
70,904.740
71,914.556
72,919.352
73,928.907
74,938.044
75,947.831
76,972.265
77,983.644
78,985.987
79,988.715
80,991.358
81,994.296
82,996.774
83,1000.667
84,1004.207
85,1006.492
86,1009.045
87,1011.961
88,1014.673
89,1017.439
90,1020.251
91,1026.474
92,1029.363
93,1036.084
94,1051.354
95,1090.782
96,1178.793
97,1406.842
98,1559.744
99,2347.308
