0,180.753
1,182.821
2,183.616
3,218.345
4,219.982
5,237.131
6,241.053
7,300.351
8,300.720
9,301.721
10,302.337
11,302.653
12,302.881
13,303.741
14,305.184
15,306.075
16,306.828
17,338.028
18,352.967
19,354.404
20,362.206
21,363.294
22,365.894
23,386.421
24,413.501
25,416.138
26,417.415
27,423.799
28,427.844
29,431.293
30,434.701
31,437.562
32,441.713
33,442.185
34,454.334
35,456.338
36,458.171
37,458.866
38,459.255
39,459.870
40,464.290
41,465.406
42,467.052
43,472.015
44,474.929
45,477.313
46,477.603
47,478.144
48,478.440
49,480.092
50,481.229
51,484.801
52,485.779
53,486.199
54,486.791
55,488.243
56,489.221
57,489.837
58,492.720
59,495.286
60,497.295
61,498.978
62,505.484
63,506.107
64,508.952
65,511.643
66,518.508
67,544.254
68,555.247
69,558.751
70,563.492
71,565.005
72,568.358
73,571.411
74,574.223
75,576.396
76,579.544
77,582.665
78,589.194
79,591.226
80,602.390
81,605.795
82,608.646
83,630.199
84,636.471
85,640.038
86,641.910
87,644.560
88,646.677
89,651.427
90,655.457
91,659.817
92,660.746
93,664.083
94,666.189
95,684.991
96,712.573
97,735.069
98,747.937
99,754.917
