0,7.265
1,7.624
2,7.822
3,7.867
4,7.961
5,7.970
6,8.000
7,8.002
8,8.006
9,8.084
10,8.093
11,8.110
12,8.204
13,8.968
14,8.978
15,9.039
16,9.170
17,9.410
18,9.692
19,9.702
20,9.884
21,9.931
22,10.164
23,10.181
24,10.345
25,10.769
26,11.571
27,11.690
28,11.747
29,11.826
30,11.835
31,11.844
32,11.880
33,11.886
34,11.893
35,11.898
36,11.903
37,11.903
38,11.907
39,11.945
40,11.948
41,11.952
42,11.960
43,11.960
44,11.961
45,11.966
46,11.970
47,11.973
48,11.974
49,11.978
50,11.979
51,11.981
52,11.983
53,11.983
54,11.983
55,11.985
56,11.987
57,11.988
58,11.989
59,12.010
60,12.015
61,12.030
62,12.068
63,12.093
64,12.105
65,12.163
66,12.198
67,12.274
68,12.306
69,12.370
70,13.683
71,14.745
72,15.738
73,15.849
74,15.919
75,15.923
76,15.933
77,15.943
78,15.949
79,15.949
80,15.951
81,15.959
82,15.962
83,15.963
84,15.966
85,15.969
86,15.976
87,15.978
88,15.980
89,15.981
90,15.983
91,15.987
92,15.990
93,16.009
94,16.013
95,19.867
96,19.934
97,19.961
98,23.999
99,39.583
