0,9.446
1,9.674
2,10.606
3,10.694
4,11.082
5,11.186
6,11.570
7,11.764
8,11.925
9,11.925
10,11.929
11,11.944
12,12.001
13,12.007
14,12.050
15,12.056
16,12.066
17,12.071
18,12.133
19,12.169
20,12.380
21,12.419
22,12.425
23,12.447
24,12.516
25,12.518
26,12.525
27,12.532
28,12.600
29,12.663
30,12.730
31,12.957
32,12.967
33,12.980
34,12.983
35,12.985
36,13.019
37,13.033
38,13.052
39,13.058
40,13.062
41,13.063
42,13.073
43,13.124
44,13.229
45,13.267
46,13.356
47,13.373
48,13.376
49,13.424
50,13.425
51,13.448
52,13.485
53,13.620
54,13.630
55,13.676
56,13.731
57,13.776
58,13.799
59,13.955
60,13.992
61,14.183
62,14.216
63,14.219
64,14.247
65,14.308
66,14.352
67,14.385
68,14.438
69,14.449
70,14.514
71,14.644
72,14.705
73,14.755
74,14.861
75,14.869
76,15.144
77,15.199
78,15.211
79,15.243
80,15.288
81,15.386
82,15.447
83,15.480
84,15.494
85,15.509
86,15.891
87,16.297
88,16.411
89,16.463
90,16.593
91,16.723
92,17.004
93,17.205
94,17.468
95,17.762
96,18.157
97,18.180
98,18.266
99,18.544
