0,23.465
1,24.858
2,25.047
3,25.136
4,39.216
5,68.147
6,69.357
7,69.370
8,69.623
9,69.679
10,69.725
11,69.846
12,69.873
13,70.351
14,70.810
15,70.980
16,71.549
17,71.681
18,72.087
19,72.249
20,72.476
21,72.662
22,73.294
23,73.522
24,73.584
25,74.057
26,74.846
27,75.074
28,75.519
29,75.706
30,81.631
31,81.981
32,82.332
33,83.069
34,83.078
35,83.905
36,84.258
37,85.043
38,85.155
39,85.435
40,85.816
41,85.930
42,86.286
43,86.475
44,86.535
45,87.064
46,87.242
47,87.404
48,87.450
49,87.582
50,87.847
51,87.878
52,88.648
53,90.098
54,90.581
55,90.605
56,90.699
57,91.668
58,92.466
59,92.656
60,93.480
61,93.529
62,94.683
63,94.769
64,97.853
65,98.720
66,99.661
67,99.890
68,99.942
69,101.415
70,101.902
71,102.568
72,103.576
73,103.996
74,104.055
75,104.300
76,104.486
77,106.394
78,107.237
79,107.590
80,107.821
81,108.532
82,109.236
83,109.764
84,110.385
85,112.387
86,113.538
87,113.750
88,114.229
89,115.237
90,115.401
91,115.852
92,116.184
93,116.908
94,117.952
95,119.330
96,120.020
97,338.070
98,345.764
99,348.817
